C=0.005
C-V scores:  [ 0.90232  0.91016  0.90816  0.90296]
Accuracy: 0.9059 (+/- 0.0067)


C = 0.007
Accuracy: 0.9057 (+/- 0.0071)


C=0.01
C-V scores:  [ 0.90216  0.91024  0.90704  0.90184]
Accuracy: 0.9053 (+/- 0.0070)


C = 0.002
C-V scores:  [ 0.90088  0.90832  0.90776  0.90288]
Accuracy: 0.9050 (+/- 0.0063)
