C = 1
C-V scores:  [ 0.89024  0.89552  0.89568  0.89728  0.89712  0.89632  0.888    0.892  ]
Accuracy: 0.8940 (+/- 0.0065)


